1.0000 0.0000 0.0000
0.0000 1.0000 0.0000
0.0000 0.0000 1.0000
-0.0424 -0.1146 -0.9925
0.1749 -0.2005 -0.9639
0.2323 -0.1626 -0.9590
0.3675 0.0261 -0.9296
0.1902 0.3744 -0.9076
-0.1168 0.8334 -0.5402
-0.2005 0.2527 -0.9466
-0.4958 0.1345 -0.8580
-0.0141 -0.6281 -0.7780
-0.7445 -0.1477 -0.6511
-0.7609 0.3204 -0.5643
-0.1809 0.9247 -0.33510
-0.6796 -0.4224 -0.5997
0.7771 0.4707 -0.4178
0.9242 -0.1036 -0.3677
0.4685 -0.7674 -0.4378
0.8817 -0.1893 -0.4322
0.6904 0.7062 -0.1569
0.2391 0.7571 -0.6080
-0.0578 0.9837 0.1703
-0.5368 0.8361 -0.1135
-0.9918 -0.1207 -0.0423
-0.9968 0.0709 -0.0379
-0.8724 0.4781 -0.1014
-0.2487 0.9335 0.2581
0.1183 0.9919 -0.0471
0.3376 0.8415 0.4218
0.5286 0.8409 0.1163
0.9969 0.0550 -0.0571
