-0.00459 0.35965 0.93308
-0.04203 0.87403 -0.48405
-0.86938 0.31329 0.38213
0.66695 -0.58566 0.46064
-0.84346 -0.39054 0.36885
-0.97968 -0.12762 -0.15470
-0.32133 -0.47528 -0.81906
-0.06828 -0.98395 0.16485
0.39561 0.44425 -0.80382
-0.60011 0.00317 0.79991
0.33228 -0.80224 -0.49598
-0.58080 0.07557 -0.81053
-0.16768 -0.97199 -0.16470
-0.45076 -0.83470 -0.31638
0.93598 -0.17840 0.30351
-0.68364 -0.30619 0.66249
0.69358 0.68916 -0.20978
-0.90305 -0.42912 0.01877
-0.28123 -0.74260 -0.60783
0.00068 0.88801 0.45982
0.85127 -0.49334 0.17877
-0.71809 -0.67697 -0.16142
0.62068 0.28357 0.73099
-0.79515 0.58779 0.14913
-0.04729 -0.39479 0.91755
0.37590 -0.54195 -0.75166
-0.56187 -0.63308 0.53246
-0.04631 0.65824 0.75138
0.85101 0.00706 -0.52511
0.97146 -0.22983 -0.05863
0.65838 -0.32070 -0.68095
0.32297 0.13871 0.93619
-0.60659 -0.58180 -0.54181
-0.75980 0.27424 -0.58948
0.83760 0.08704 0.53930
0.27081 -0.24236 0.93162
-0.97414 -0.08934 0.20753
0.60798 -0.77862 0.15524
0.16470 -0.62813 0.76048
0.84337 0.39447 0.36486
-0.63609 0.61119 0.47100
0.33113 -0.23396 -0.91412
-0.29448 0.93730 -0.18641
0.31195 0.13422 -0.94057
-0.19848 0.96832 0.15155
0.47638 -0.46054 0.74897
-0.52124 0.83422 0.17999
-0.19154 -0.69943 0.68856
-0.33472 -0.85938 0.38656
0.38266 -0.77518 0.50267
-0.45178 -0.89050 0.05383
