  -2.7311229e-06  -3.3592812e-09   1.3655615e-10
  -3.0417744e-06  -3.7413825e-09   1.5208872e-10
  -3.3373570e-06  -4.4414385e-09  -1.1748106e-07
  -3.7073722e-06  -4.9338640e-09  -1.3050627e-07
  -5.3274217e-06  -8.4685376e-08  -2.3721820e-06
  -5.8954443e-06  -9.3714736e-08  -2.6251098e-06
  -2.5217467e-06  -4.9857811e-07  -8.1270340e-08
  -2.7874004e-06  -5.5110088e-07  -8.9831775e-08
  -3.2184688e-06  -6.3829042e-07  -1.0166557e-07
  -3.5303122e-06  -7.0013555e-07  -1.1151614e-07
  -4.9434185e-06  -7.3485748e-07  -2.1530388e-06
  -5.1503872e-06  -7.6562415e-07  -2.2431812e-06
  -5.3168767e-06  -6.4051529e-07  -5.3810269e-06
  -4.7756515e-06  -5.7531479e-07  -4.8332716e-06
  -1.4048608e-06  -1.8194932e-07  -3.3982404e-06
   1.7300883e-07   2.2407088e-08   4.1849385e-07
  -2.1955477e-06  -1.0277337e-06  -1.3141337e-07
  -2.4066714e-06  -1.1265604e-06  -1.4405007e-07
  -1.5736038e-06  -9.1086927e-07  -1.0464539e-06
  -1.5828930e-06  -9.1624628e-07  -1.0526313e-06
   6.6452814e-07   7.1241528e-07   1.2705222e-06
   8.5132997e-07   9.1267840e-07   1.6276717e-06
   0.0000000e+00   4.2620120e-06   8.3048466e-06
   0.0000000e+00   4.9170251e-06   9.5811882e-06
  -2.0061125e-07  -2.4066289e-07  -3.4853278e-08
  -3.6179588e-07  -4.3402770e-07  -6.2856754e-08
   3.5013812e-07   1.4115937e-06   2.2818453e-07
   2.9719600e-07   1.1981557e-06   1.9368222e-07
   6.6404568e-07   1.9845029e-06   1.3582787e-06
   6.6502497e-07   1.9874295e-06   1.3602818e-06
  -7.4023011e-07   2.9842627e-06   4.8240694e-07
  -6.8770013e-07   2.7724863e-06   4.4817323e-07
  -1.4781409e-06   4.4174293e-06   3.0234775e-06
  -1.4834786e-06   4.4333813e-06   3.0343957e-06
  -2.6528447e-06   3.1824798e-06   4.6089305e-07
  -2.5696911e-06   3.0827248e-06   4.4644633e-07
  -4.3838720e-06   2.0520860e-06   2.6239439e-07
  -4.3606140e-06   2.0411990e-06   2.6100229e-07
  -6.4055539e-06   3.7078089e-06   4.2597232e-06
  -6.8523663e-06   3.9664431e-06   4.5568556e-06
  -5.2087192e-06   5.5840692e-06   9.9586354e-06
  -5.8836965e-06   6.3076866e-06   1.1249135e-05
  -3.5909876e-06   7.0997925e-07   1.1572962e-07
  -3.6569160e-06   7.2301405e-07   1.1785435e-07
  -4.5057723e-06   8.9073256e-07   1.4245104e-07
  -4.3824822e-06   8.6635972e-07   1.3855319e-07
  -7.7034694e-06   1.1451493e-06   3.3551415e-06
  -7.9960420e-06   1.1886413e-06   3.4825675e-06
  -1.1676791e-05   1.4066836e-06   1.1817676e-05
  -1.3308675e-05   1.6032740e-06   1.3469250e-05
  -1.2223573e-05   1.5831254e-06   2.9567798e-05
  -1.5484584e-05   2.0054723e-06   3.7455909e-05
   0.0000000e+00   1.2909988e-06   2.4561196e-05
   0.0000000e+00   1.7919944e-06   3.4092617e-05
  -2.7378654e-06   3.3675745e-09  -1.3689327e-10
  -2.6625619e-06   3.2749512e-09  -1.3312810e-10
  -3.3455150e-06   4.4522954e-09   1.1776824e-07
  -3.0341280e-06   4.0378938e-09   1.0680684e-07
  -5.4822862e-06   8.7147122e-08   2.4411397e-06
  -4.9540129e-06   7.8749621e-08   2.2059114e-06
  -8.4428156e-06   3.3491076e-07   8.7461081e-06
  -7.4820281e-06   2.9679811e-07   7.7508061e-06
  -1.1335969e-05   1.0334053e-06   2.8057272e-05
  -8.6921262e-06   7.9238833e-07   2.1513587e-05
   0.0000000e+00   1.4955523e-06   3.9673226e-05
   0.0000000e+00   1.5794711e-06   4.1899380e-05
  -1.3465423e-06  -5.5751055e-07   4.3721746e-10
  -1.2336798e-06  -5.1078194e-07   4.0057140e-10
  -1.6211791e-06  -6.7140094e-07   2.5287873e-08
  -1.3290330e-06  -5.5041050e-07   2.0730849e-08
  -2.6881762e-06  -1.2008403e-06   1.3669402e-06
  -1.8230774e-06  -8.1439037e-07   9.2703662e-07
  -3.0832224e-06  -1.8521665e-06   4.0196620e-06
  -8.7559380e-07  -5.2599045e-07   1.1415301e-06
   3.2592610e-09   3.2592610e-09  -0.0000000e+00
   1.3438496e-07   1.3438496e-07  -0.0000000e+00
   5.6574934e-09   5.6598142e-09  -6.9945387e-11
   2.3657062e-07   2.3666767e-07  -2.9247977e-09
   5.4291191e-07   6.8069292e-07  -3.8119792e-07
   1.1344546e-06   1.4223582e-06  -7.9654127e-07
   5.5531558e-07   1.3399168e-06  -2.4657485e-10
   6.5014636e-07   1.5687332e-06  -2.8868224e-10
   6.6481890e-07   1.6041365e-06  -2.9519724e-10
   7.9227449e-07   1.9116731e-06  -3.5179090e-10
   8.5613345e-07   3.9687525e-06  -1.6471149e-06
   1.0589490e-06   4.9089387e-06  -2.0373117e-06
   1.6948712e-06   5.6829171e-06  -5.9485124e-06
   2.3179002e-06   7.7719383e-06  -8.1351656e-06
   2.8994218e-06   5.1973150e-06  -1.3802240e-05
   4.7038537e-06   8.4318224e-06  -2.2391953e-05
  -0.0000000e+00   2.6807810e-06  -0.0000000e+00
  -0.0000000e+00   2.9827164e-06  -0.0000000e+00
  -0.0000000e+00   3.2109858e-06  -7.9311350e-09
  -0.0000000e+00   3.5587261e-06  -8.7900534e-09
  -1.2981297e-06   6.0177015e-06  -2.4974713e-06
  -1.5117583e-06   7.0080133e-06  -2.9084714e-06
  -2.7807927e-06   9.3240209e-06  -9.7597859e-06
  -3.4203622e-06   1.1468503e-05  -1.2004492e-05
  -6.7583848e-06   1.2114641e-05  -3.2172224e-05
  -8.1698595e-06   1.4644759e-05  -3.8891326e-05
  -1.3376861e-06   3.2276928e-06  -5.9396815e-10
  -1.4664236e-06   3.5383225e-06  -6.5113101e-10
  -1.5994092e-06   3.8592023e-06  -7.1018011e-10
  -1.7351154e-06   4.1866467e-06  -7.7043727e-10
  -2.6896439e-06   2.6896439e-06  -0.0000000e+00
  -2.9372485e-06   2.9372485e-06  -0.0000000e+00
  -3.2320444e-06   3.2333703e-06  -3.9958791e-08
  -3.4912275e-06   3.4926596e-06  -4.3163153e-08
  -4.7157840e-06   5.9125628e-06  -3.3111210e-06
  -5.3195083e-06   6.6695012e-06  -3.7350175e-06
  -3.2576195e-06   1.3487562e-06  -1.0577374e-09
  -3.5713492e-06   1.4786501e-06  -1.1596043e-09
  -3.9278125e-06   1.6266784e-06  -6.1267769e-08
  -4.2690515e-06   1.7680004e-06  -6.6590567e-08
  -6.7347788e-06   3.0085059e-06  -3.4246416e-06
  -7.4760709e-06   3.3396499e-06  -3.8015894e-06
  -1.0213313e-05   6.1353851e-06  -1.3315312e-05
  -1.1816955e-05   7.0987315e-06  -1.5406013e-05
  -7.8792838e-06  -3.1255650e-07  -8.1623324e-06
  -8.4507094e-06  -3.3522389e-07  -8.7542855e-06
  -9.7955380e-06  -8.9297714e-07  -2.4244604e-05
  -8.4069563e-06  -7.6639178e-07  -2.0807773e-05
